-3.3247554135 7.0672485056 -4.0000000000
-1.2116641048 11.5987874408 -4.0000000000
-1.2116641048 11.5987874408 -1.0000000000
-3.3247554135 7.0672485056 -1.0000000000
-3.3247554135 7.0672485056 -1.0000000000
-3.3247554135 7.0672485056 -4.0000000000
-5.1373709876 7.9124850291 -4.0000000000
-3.0242796789 12.4440239643 -4.0000000000
-1.2116641048 11.5987874408 -4.0000000000
-3.0242796789 12.4440239643 -4.0000000000
-3.0242796789 12.4440239643 -4.0000000000
-3.0242796789 12.4440239643 -1.0000000000
-1.2116641048 11.5987874408 -1.0000000000
-3.0242796789 12.4440239643 -1.0000000000
-5.1373709876 7.9124850291 -1.0000000000
-3.3247554135 7.0672485056 -1.0000000000
-5.1373709876 7.9124850291 -1.0000000000
-5.1373709876 7.9124850291 -4.0000000000
-3.3247554135 7.0672485056 -4.0000000000
-3.3247554135 7.0672485056 -4.0000000000
