-3.3608378895 -4.0000000000 5.4502081318
-3.9701846066 -4.0000000000 0.4874773736
-0.9925461516 -4.0000000000 0.1218693434
-0.3831994346 -4.0000000000 5.0846001016
-0.3831994346 -4.0000000000 5.0846001016
-3.3608378895 -4.0000000000 5.4502081318
-3.3608378895 -2.0000000000 5.4502081318
-3.9701846066 -2.0000000000 0.4874773736
-3.9701846066 -4.0000000000 0.4874773736
-3.9701846066 -2.0000000000 0.4874773736
-3.9701846066 -2.0000000000 0.4874773736
-0.9925461516 -2.0000000000 0.1218693434
-0.9925461516 -4.0000000000 0.1218693434
-0.9925461516 -2.0000000000 0.1218693434
-0.3831994346 -2.0000000000 5.0846001016
-0.3831994346 -4.0000000000 5.0846001016
-0.3831994346 -2.0000000000 5.0846001016
-3.3608378895 -2.0000000000 5.4502081318
-3.3608378895 -4.0000000000 5.4502081318
-3.3608378895 -4.0000000000 5.4502081318
