-1.0532184168 3.3580191633 8.1310785426
0.2254325524 2.3599528884 10.5536629911
-0.5517487726 0.5480715392 10.2173964825
-1.8303997418 1.5461378141 7.7948120340
#

-1.0532184168 3.3580191633 8.1310785426
-2.5360820080 3.5292908697 10.6354310682
-3.3132633330 1.7174095205 10.2991645596
-1.8303997418 1.5461378141 7.7948120340
#

-1.0532184168 3.3580191633 8.1310785426
-2.3318693859 4.3560854381 5.7084940941
-3.1090507109 2.5442040890 5.3722275855
-1.8303997418 1.5461378141 7.7948120340
#

-1.0532184168 3.3580191633 8.1310785426
0.4296451744 3.1867474569 5.6267260170
-0.3475361505 1.3748661077 5.2904595084
-1.8303997418 1.5461378141 7.7948120340
#

-1.0532184168 3.3580191633 8.1310785426
0.2254325524 2.3599528884 10.5536629911
-0.5517487726 0.5480715392 10.2173964825
-1.8303997418 1.5461378141 7.7948120340
#

